
train_X =

 Columns 1 through 7:

   1.0000000  -0.3621408  -0.7550867   0.1822259  -0.7061899   0.3066179  -0.5908777
   1.0000000  -0.8032048   0.0012583  -0.2479370  -0.3270234   0.0933963  -0.4358176
   1.0000000   1.3774670   0.5848267   1.2497686   0.2453120   0.9783597  -0.0121557
   1.0000000   1.4209399   0.7066468   1.3598456   0.3955340   1.1061618   0.1256371
   1.0000000  -1.4341485   1.8539998  -2.0371631   2.3314313  -2.4115363   2.6022120
   1.0000000  -0.1286871  -0.9759688   0.2513851  -0.7396869   0.3169529  -0.5949966
   1.0000000   0.6805816  -0.7800290   0.3406557  -0.7117211   0.3265091  -0.5917902
   1.0000000  -0.9885343   0.4513580  -0.6012819   0.0929171  -0.2184729  -0.1416085
   1.0000000   0.2160758  -1.0749928   0.2662752  -0.7433690   0.3175614  -0.5951292
   1.0000000  -1.3115007   1.4228060  -1.5481209   1.4933962  -1.5159077   1.3886548
   1.0000000   0.4037767  -1.0150104   0.2733785  -0.7419765   0.3177420  -0.5950984
   1.0000000   0.9293753  -0.4198079   0.5109684  -0.5886238   0.3826157  -0.5590300

 Columns 8 and 9:

   0.3445158  -0.5084812
   0.2554161  -0.4489125
   0.7565685  -0.1703521
   0.8719291  -0.0596377
  -2.6456745   2.7660853
   0.3458118  -0.5089553
   0.3468300  -0.5086130
   0.0394035  -0.2666927
   0.3458349  -0.5089601
  -1.3683066   1.2241435
   0.3458391  -0.5089594
   0.3618324  -0.5006648

train_y =

    2.1343
    1.1733
   34.3591
   36.8380
    2.8090
    2.1211
   14.7103
    2.6142
    3.7402
    3.7317
    7.6277
   22.7524

Iteration     1 | Cost: 8.273077e+01